ts,open,high,low,close,volume
2021-11-11 09:15:00,522.85,522.85,519.7,521.35,899002
2021-11-11 09:20:00,521.35,521.85,520.0,520.85,398848
2021-11-11 09:25:00,520.65,520.9,520.1,520.4,312324
2021-11-11 09:30:00,520.4,520.45,518.1,519.15,584915
2021-11-11 09:35:00,518.9,519.85,518.8,519.8,216689
2021-11-11 09:40:00,519.6,520.7,519.6,520.3,239349
2021-11-11 09:45:00,520.3,521.6,520.2,521.1,325551
2021-11-11 09:50:00,521.0,521.7,521.0,521.4,144479
2021-11-11 09:55:00,521.45,521.45,520.7,520.7,106861
2021-11-11 10:00:00,520.75,520.85,520.0,520.0,133111
2021-11-11 10:05:00,520.0,520.6,519.55,520.1,190524
2021-11-11 10:10:00,520.15,520.8,520.0,520.35,132436
2021-11-11 10:15:00,520.15,520.8,520.0,520.8,109904
2021-11-11 10:20:00,520.8,521.3,520.1,520.2,126379
2021-11-11 10:25:00,520.15,520.3,518.7,519.05,410902
2021-11-11 10:30:00,519.15,519.55,518.45,518.55,388475
2021-11-11 10:35:00,518.65,518.65,517.1,517.7,621908
2021-11-11 10:40:00,517.7,518.45,517.5,518.1,232800
2021-11-11 10:45:00,518.05,518.5,517.35,517.95,267927
2021-11-11 10:50:00,517.8,518.05,515.05,517.25,495941
2021-11-11 10:55:00,517.2,517.2,515.05,515.05,343497
2021-11-11 11:00:00,515.05,516.0,515.0,515.95,236334
2021-11-11 11:05:00,516.0,516.5,515.55,515.85,181042
2021-11-11 11:10:00,515.85,516.15,515.0,515.4,197261
2021-11-11 11:15:00,515.6,516.25,515.4,516.1,99768
2021-11-11 11:20:00,516.2,516.45,515.65,516.25,140167
2021-11-11 11:25:00,516.35,516.5,514.05,515.0,634952
2021-11-11 11:30:00,514.95,515.45,514.55,514.65,168756
2021-11-11 11:35:00,514.7,515.85,514.65,515.85,179434
2021-11-11 11:40:00,515.75,516.2,515.65,516.0,196433
2021-11-11 11:45:00,516.1,516.6,515.5,516.25,252678
2021-11-11 11:50:00,516.1,516.85,516.1,516.75,133990
2021-11-11 11:55:00,516.75,517.25,516.35,517.05,288574
2021-11-11 12:00:00,517.4,517.4,516.8,517.0,140613
2021-11-11 12:05:00,516.9,517.0,516.0,516.05,108355
2021-11-11 12:10:00,516.05,516.05,515.05,515.1,151750
2021-11-11 12:15:00,515.1,515.45,514.25,514.7,257866
2021-11-11 12:20:00,514.7,515.15,514.5,514.85,101349
2021-11-11 12:25:00,514.85,514.95,514.1,514.3,199598
2021-11-11 12:30:00,514.3,514.85,514.3,514.6,81356
2021-11-11 12:35:00,514.55,514.6,512.35,513.5,610803
2021-11-11 12:40:00,513.6,513.6,512.6,513.2,287615
2021-11-11 12:45:00,513.25,513.4,512.65,513.2,152226
2021-11-11 12:50:00,513.2,513.4,512.8,512.8,141998
2021-11-11 12:55:00,512.8,513.5,512.8,513.4,116543
2021-11-11 13:00:00,513.4,513.7,513.2,513.3,184225
2021-11-11 13:05:00,513.3,514.5,513.2,514.4,199932
2021-11-11 13:10:00,514.3,514.6,514.2,514.3,158360
2021-11-11 13:15:00,514.3,514.35,513.2,513.3,124817
2021-11-11 13:20:00,513.35,513.55,512.7,513.5,139784
2021-11-11 13:25:00,513.5,513.55,512.8,513.35,124402
2021-11-11 13:30:00,513.4,513.65,512.5,512.6,194114
2021-11-11 13:35:00,512.6,512.75,511.7,512.4,315496
2021-11-11 13:40:00,512.2,512.5,511.5,511.9,209550
2021-11-11 13:45:00,511.9,512.05,511.5,511.85,132066
2021-11-11 13:50:00,511.85,512.15,511.25,511.55,457628
2021-11-11 13:55:00,511.4,512.05,511.15,511.15,323707
2021-11-11 14:00:00,511.25,511.5,509.5,509.5,648913
2021-11-11 14:05:00,509.45,510.0,508.8,509.65,430568
2021-11-11 14:10:00,509.65,509.8,508.75,509.25,312000
2021-11-11 14:15:00,509.3,509.4,507.95,507.95,621089
2021-11-11 14:20:00,507.95,508.75,507.1,508.75,643487
2021-11-11 14:25:00,508.7,509.75,508.7,509.1,731751
2021-11-11 14:30:00,509.1,511.4,509.05,511.25,526745
2021-11-11 14:35:00,511.2,511.25,510.3,510.5,377267
2021-11-11 14:40:00,510.5,511.75,509.55,509.8,336566
2021-11-11 14:45:00,509.9,510.2,509.0,509.75,233860
2021-11-11 14:50:00,509.8,510.0,509.05,509.55,169060
2021-11-11 14:55:00,509.5,510.5,509.0,509.5,297671
2021-11-11 15:00:00,509.5,510.0,509.3,509.55,238885
2021-11-11 15:05:00,509.55,510.85,509.5,509.6,499699
2021-11-11 15:10:00,509.6,509.9,509.0,509.25,478307
2021-11-11 15:15:00,509.05,509.85,509.0,509.6,933165
2021-11-11 15:20:00,509.35,509.95,508.55,509.3,692205
2021-11-11 15:25:00,509.35,510.3,509.3,510.0,564661
