ts,open,high,low,close,volume
2021-11-12 09:15:00,512.0,512.75,510.05,510.95,978565
2021-11-12 09:20:00,510.8,511.2,510.0,510.25,463988
2021-11-12 09:25:00,510.05,510.8,509.5,510.5,356252
2021-11-12 09:30:00,510.45,511.8,510.45,511.6,350543
2021-11-12 09:35:00,511.5,511.6,510.3,510.55,222710
2021-11-12 09:40:00,510.7,510.7,507.0,507.6,543029
2021-11-12 09:45:00,507.6,508.4,507.4,508.15,290380
2021-11-12 09:50:00,508.15,508.15,507.05,507.25,240054
2021-11-12 09:55:00,507.45,508.2,506.6,508.05,371668
2021-11-12 10:00:00,508.05,508.1,507.3,507.45,158439
2021-11-12 10:05:00,507.5,507.95,506.5,506.9,330326
2021-11-12 10:10:00,506.9,507.65,506.5,507.45,201010
2021-11-12 10:15:00,507.45,507.7,507.1,507.45,129329
2021-11-12 10:20:00,507.45,507.45,505.1,505.9,403339
2021-11-12 10:25:00,505.7,506.25,505.2,506.0,282120
2021-11-12 10:30:00,506.0,506.1,504.5,504.85,356893
2021-11-12 10:35:00,504.85,505.05,503.25,503.3,421146
2021-11-12 10:40:00,503.3,504.95,502.75,504.85,409241
2021-11-12 10:45:00,504.85,505.3,504.6,504.8,209522
2021-11-12 10:50:00,504.75,504.75,503.55,504.45,256568
2021-11-12 10:55:00,504.45,505.4,504.2,505.25,177515
2021-11-12 11:00:00,505.1,505.9,504.55,504.6,211059
2021-11-12 11:05:00,504.85,505.7,504.55,505.3,116992
2021-11-12 11:10:00,505.3,505.3,504.5,505.2,117940
2021-11-12 11:15:00,505.25,505.6,505.0,505.2,122426
2021-11-12 11:20:00,505.2,505.55,505.0,505.35,136458
2021-11-12 11:25:00,505.35,505.4,504.75,504.85,100140
2021-11-12 11:30:00,504.9,505.8,504.85,505.55,150178
2021-11-12 11:35:00,505.6,505.8,505.0,505.75,105012
2021-11-12 11:40:00,505.75,506.45,505.3,506.4,175779
2021-11-12 11:45:00,506.4,506.45,505.1,505.25,127405
2021-11-12 11:50:00,505.45,507.2,505.4,506.8,266895
2021-11-12 11:55:00,506.8,507.4,506.75,506.95,223753
2021-11-12 12:00:00,506.75,508.8,506.75,507.65,558780
2021-11-12 12:05:00,507.75,507.8,506.6,507.25,237650
2021-11-12 12:10:00,507.25,507.3,506.65,507.05,139355
2021-11-12 12:15:00,507.15,507.3,506.65,506.8,131162
2021-11-12 12:20:00,506.9,507.2,506.75,506.8,78043
2021-11-12 12:25:00,506.7,507.25,506.7,507.05,89634
2021-11-12 12:30:00,507.05,508.15,507.0,508.05,145621
2021-11-12 12:35:00,508.0,508.8,507.55,508.1,288762
2021-11-12 12:40:00,508.1,508.85,508.1,508.65,175027
2021-11-12 12:45:00,508.65,509.55,508.5,509.4,352291
2021-11-12 12:50:00,509.4,509.5,508.5,508.7,252807
2021-11-12 12:55:00,508.75,509.25,508.7,509.0,134448
2021-11-12 13:00:00,509.05,510.75,509.0,510.15,500262
2021-11-12 13:05:00,510.15,511.5,510.15,510.45,461416
2021-11-12 13:10:00,510.5,510.65,509.65,510.4,204696
2021-11-12 13:15:00,510.25,511.95,510.25,511.8,381079
2021-11-12 13:20:00,511.65,511.9,510.9,511.25,336367
2021-11-12 13:25:00,511.25,511.35,510.55,511.15,199333
2021-11-12 13:30:00,511.15,511.5,510.6,510.9,169978
2021-11-12 13:35:00,510.9,511.2,510.0,510.35,224478
2021-11-12 13:40:00,510.35,510.75,510.25,510.4,130818
2021-11-12 13:45:00,510.4,510.8,509.8,509.85,150782
2021-11-12 13:50:00,509.95,510.0,509.15,509.8,308231
2021-11-12 13:55:00,509.8,511.0,509.75,510.8,387714
2021-11-12 14:00:00,510.8,511.3,510.05,511.2,213723
2021-11-12 14:05:00,511.15,511.25,510.3,510.4,141564
2021-11-12 14:10:00,510.4,511.2,510.4,511.0,166457
2021-11-12 14:15:00,511.2,511.5,510.8,511.2,187352
2021-11-12 14:20:00,511.25,511.35,510.85,511.2,172907
2021-11-12 14:25:00,511.2,511.6,510.45,510.5,247288
2021-11-12 14:30:00,510.55,511.5,510.5,511.15,170072
2021-11-12 14:35:00,511.15,511.9,510.8,511.9,487801
2021-11-12 14:40:00,511.9,512.95,511.6,512.15,517019
2021-11-12 14:45:00,512.25,512.25,511.3,511.8,164704
2021-11-12 14:50:00,511.8,512.45,511.55,512.1,183228
2021-11-12 14:55:00,512.05,512.1,511.1,511.65,234340
2021-11-12 15:00:00,511.65,511.8,511.3,511.35,147923
2021-11-12 15:05:00,511.5,512.4,511.4,511.85,349761
2021-11-12 15:10:00,511.6,511.85,510.9,510.9,318314
2021-11-12 15:15:00,510.85,511.35,510.7,511.0,425672
2021-11-12 15:20:00,511.15,511.65,510.8,511.1,356842
2021-11-12 15:25:00,511.3,511.4,510.6,510.95,258976
