ts,open,high,low,close,volume
2021-11-10 09:15:00,525.55,525.95,521.8,524.15,1138293
2021-11-10 09:20:00,524.1,525.5,523.6,525.15,382406
2021-11-10 09:25:00,525.15,526.35,524.55,526.2,342047
2021-11-10 09:30:00,526.4,526.5,524.55,524.9,403593
2021-11-10 09:35:00,524.8,525.0,524.05,524.5,272136
2021-11-10 09:40:00,524.75,524.75,522.8,523.15,394967
2021-11-10 09:45:00,523.15,523.95,521.6,523.7,589287
2021-11-10 09:50:00,523.7,524.9,523.15,523.4,373382
2021-11-10 09:55:00,523.3,524.5,523.3,524.35,187818
2021-11-10 10:00:00,524.3,525.6,523.6,525.4,423415
2021-11-10 10:05:00,525.25,525.5,524.3,524.6,283899
2021-11-10 10:10:00,524.75,524.75,524.3,524.6,120552
2021-11-10 10:15:00,524.5,524.7,523.85,524.6,166193
2021-11-10 10:20:00,524.65,525.0,524.2,524.5,143599
2021-11-10 10:25:00,524.55,524.7,523.4,523.45,237902
2021-11-10 10:30:00,523.5,524.0,523.0,523.8,149060
2021-11-10 10:35:00,523.75,523.95,523.1,523.4,163643
2021-11-10 10:40:00,523.45,523.8,523.2,523.25,101284
2021-11-10 10:45:00,523.25,524.5,522.5,524.2,251487
2021-11-10 10:50:00,524.2,524.25,523.0,523.3,336469
2021-11-10 10:55:00,523.2,524.5,523.2,524.4,145487
2021-11-10 11:00:00,524.4,525.0,524.1,524.6,208582
2021-11-10 11:05:00,524.6,524.95,524.4,524.65,139259
2021-11-10 11:10:00,524.6,524.9,524.5,524.85,117500
2021-11-10 11:15:00,524.85,525.45,524.65,525.1,215341
2021-11-10 11:20:00,525.1,525.35,524.7,525.0,156235
2021-11-10 11:25:00,525.05,525.45,524.75,525.15,213518
2021-11-10 11:30:00,525.2,525.5,524.6,525.1,206056
2021-11-10 11:35:00,525.1,526.7,524.9,526.3,355713
2021-11-10 11:40:00,526.35,526.7,525.65,525.75,159421
2021-11-10 11:45:00,525.75,526.1,525.35,526.05,126906
2021-11-10 11:50:00,526.05,526.1,525.5,525.55,68766
2021-11-10 11:55:00,525.55,525.7,523.8,524.8,208372
2021-11-10 12:00:00,524.7,524.9,524.6,524.6,70931
2021-11-10 12:05:00,524.6,524.75,524.1,524.7,100941
2021-11-10 12:10:00,524.7,525.45,524.6,524.95,147514
2021-11-10 12:15:00,525.0,525.15,524.65,525.05,73708
2021-11-10 12:20:00,525.1,526.5,525.05,526.0,265963
2021-11-10 12:25:00,526.05,526.4,525.45,525.45,108731
2021-11-10 12:30:00,525.55,525.8,525.05,525.45,79722
2021-11-10 12:35:00,525.45,525.95,524.8,525.5,155728
2021-11-10 12:40:00,525.55,525.75,525.25,525.3,53427
2021-11-10 12:45:00,525.35,525.6,525.1,525.5,83601
2021-11-10 12:50:00,525.5,525.6,525.1,525.25,62147
2021-11-10 12:55:00,525.15,525.4,524.3,524.3,138763
2021-11-10 13:00:00,524.35,525.25,523.7,525.05,161318
2021-11-10 13:05:00,525.05,525.5,524.8,525.4,68210
2021-11-10 13:10:00,525.4,525.5,525.15,525.5,60240
2021-11-10 13:15:00,525.5,525.65,525.0,525.05,56729
2021-11-10 13:20:00,525.1,525.2,524.7,524.8,57920
2021-11-10 13:25:00,524.9,524.95,524.15,524.5,79424
2021-11-10 13:30:00,524.45,525.85,524.1,524.45,225328
2021-11-10 13:35:00,524.5,525.7,524.45,525.45,97664
2021-11-10 13:40:00,525.4,526.25,525.4,525.8,222115
2021-11-10 13:45:00,525.8,527.3,525.75,527.15,554596
2021-11-10 13:50:00,527.15,528.45,527.1,527.45,399384
2021-11-10 13:55:00,527.5,527.8,527.2,527.65,133326
2021-11-10 14:00:00,527.65,528.0,527.3,527.5,145265
2021-11-10 14:05:00,527.55,527.85,527.4,527.8,91107
2021-11-10 14:10:00,527.9,528.0,526.75,526.8,157660
2021-11-10 14:15:00,526.8,527.05,525.7,526.45,222557
2021-11-10 14:20:00,526.5,526.6,525.95,525.95,91754
2021-11-10 14:25:00,526.1,527.4,525.7,526.2,217407
2021-11-10 14:30:00,526.2,526.65,525.7,526.0,130175
2021-11-10 14:35:00,525.95,526.2,524.55,524.6,239547
2021-11-10 14:40:00,524.6,525.45,524.05,524.2,173433
2021-11-10 14:45:00,524.2,524.9,523.5,524.45,233613
2021-11-10 14:50:00,524.4,524.8,524.0,524.65,120918
2021-11-10 14:55:00,524.65,524.8,523.0,524.0,211101
2021-11-10 15:00:00,523.95,525.3,523.9,525.25,184570
2021-11-10 15:05:00,525.2,525.5,524.6,524.9,149761
2021-11-10 15:10:00,525.0,525.0,523.8,524.05,224331
2021-11-10 15:15:00,524.05,524.5,523.8,524.45,265090
2021-11-10 15:20:00,524.5,524.9,524.25,524.5,335218
2021-11-10 15:25:00,524.5,524.6,523.5,523.7,248168
